Андрей Говорухи:6 6 1 4 9 9 1 0 4 8 2 3 8
Василий Петров:2 9 4 7 6 6 3 6 5 5 2 4
Гавриил Варфаломеев:1 0 1 0 4 1 0 7 9 4 6 8 1 1 1
Игнат Тюльпанов:8 1 4 1 1 5 2 5 2 2 1 0 8
Илья Муромцев:1 6 4 7 1 0 9 5 3 7 4 7 2
Кощей Бессмертный:3 1 0 1 4 1 8 1 0 6 2 1 0 7 4
Максим Мухин:1 0 9 9 5 8 6 5 7 2 4 1 0
Маргарита Мартынова:9 1 5 1 1 0 1 0 2 4 4 9 8 1 0
Петр Николаев:2 9 5 9 1 2 8 7 8 1 9 1
Полина Гусева:9 2 8 7 3 9 9 5 1 9 2 6
Спиридов Тереньтьев:4 7 7 3 1 0 9 7 2 1 0 9 8 1
Станислав Трердолобов:8 1 6 1 4 1 1 0 8 8 1 8 8
